1002386650851414016
1405190187974492163
1417409202385932288
1411687714131386373
1442691821176594433
1088493820965253120
1369841940741636096
418096140
1446989356972089347
1444112531648356356
1427496673073410057
1213598085802151936
1377421725315502081
1430802988243714056
145636345
748553724608516096
4171723666
1423425813274238976
11737692
1374939947178803208
2759196459
991484627817779202
478565709
869471341
1397798842171637760
94766921
239998905
1430804913106395136
588716580
1287541005663821825
1445512310106116096
36042970
61819832
1416776032447762435
2834712633
1437351684053757955
17233679
2550158580
408750093
588172261
1373784945185947655
232714417
2704553352
1337124241473466370
1376776708682997769
1376612309318123521
1038629597682835462
1433781453649707008
1444599438152978436
1407877841849491456
11508
1040473626
274950034
1434308320551129088
1395811865679351814
15357030
1446527941676974081
1383012806597996545
472093590
1446180017193422858
897281756855980032
1129149724563582977
161746685
618974114
212835129
898102379324862464
1382883118777044993
1397058502108065795
1445859907522076672
21146720
1371973087651106817
547005806
439615905
1439969005088002051
4133780320
22112285
1430750092751822857
362579707
1444930484069285918
428053016
1444629343913795585
1405374069927661569
1442511237820997632
1355011253849055232
2251023119
1365911481133457409
1396161937671589891
1236375820693880833
3040571608
1429445797469462531
1410674119583141889
112212813
1263560452778360833
1043486313243017217
1299752375515713537
1446450938487640072
1425486508967010306
1444802129126899719
1416641438494781440
1436800678513500163
1340640195964755976
2604509282
956631113316749312
1441932320265494531
940461655741235205
1295669439409475586
1426520863822786562
47876566
1258153992439255042
1435224146749784071
1135370406
1439917834671296514
1371038882645565447
1340682380865093642
1431553130173329408
15819865
1856257454
1333945177480843265
6799372
1230488634953887744
568561564
906364206504542208
2345452240
1446494157606895616
1414936885257031688
930428759269765120
1383413539465953289
868698578646175744
1446713883276759042
1310268577732325380
1446414876260409347
946484128026845184
79215172
726489628258213888
1424117002545754116
1398276321780842496
1396884756986478592
1072376515248050176
1435690910008942592
512592812
1089240451964493824
1355570924397846531
1446200477138530304
1401404148050927619
313141130
1383772312768372738
1422953848499359749
83070486
1446657649093840896
4920438334
788762203
1166418081956151298
1314602284790304769
1437227032660877313
1444807860085473284
37255649
2812316690
1446522645286199299
1388947828018401280
936902511524499456
530792991
1376584668145840130
168279180
1132323150
1427499853605605378
960798714544746496
1185160041352945664
63254202
1433188892002422786
504629189
394933591
1439038982717952000
747308338166173696
2683563795
1446194925427728388
1423751382595682314
1372193145430106113
1426729323306754054
1204136786567614464
1437206928204001283
1383546500672745479
1343099617685041153
1357136826172080129
443206402
1142334224025829378
1429005502793625611
358568596
899718010583252992
1446193617987637248
1446199366608461827
1446206121958682626
1440188281962913804
1439930876293312512
1432747000345382916
947114746335019008
14606822
761654798391312384
908094359446347776
1633065042
295191095
1422256050976305152
1434507085350412291
1445619660443901956
1424617972413321219
1381253659032494083
1411026453836316678
292998928
1434920953587322885
95547742
1436030251222581252
234329728
23926772
1444709026520985604
3251180132
1440170978126925840
1446535800494067714
182371363
74682642
3320341969
1341664030403006464
1389509160920780801
1444634904264945669
328372418
1431179509664030727
1444720013596823552
1445764603770593289
1442728208860958730
1112088315656851456
1274461894359879680
1233690753597149185
1315206181976244224
1384497485167697921
829874482043031554
931303661573169153
1396555082125221892
1390976449771974659
20399752
1446469838759661596
3049334336
1424408096823205891
1386884633934053378
1324388263868747776
2613458232
795991300633808896
1432008435151761410
1307296467300868096
1009843767862579201
1380297985494421509
24517442
1317386785023053825
3309982892
898559872110739456
1365047940029407237
735621151
401113380
1093942753
78405150
1377573968039792640
1420526765492121601
1389423627314110466
3125694217
127196260
316780347
1120890454487326720
1446474509947654144
69279835
1359758904398237705
738431684673032193
807263870083600385
1442285676444061698
1364575451734183942
236865347
1425045651671425030
1444923835652870148
385811129
1181350748736622592
1166091346106638337
1445089066450657292
1422142032768688139
56305028
1444082720628477957
1356057862766813188
360662504
1107618773656371202
1395201639439425536
586568503
1376559055108378631
1433416053657415681
1436247083913207809
1438902873702731777
1071631590961250304
240306562
774270051297873920
1422608355596464133
1429920806545543182
1413596441109467137
757558614945071104
1432600982865780736
1422981005938466823
1965080767
825673249
1442981071620952067
1370313737354186752
2722395670
948073681049100288
1445936498520379396
1431689418708975618
1405349855657082883
1445949208150880257
2259875144
2335729248
36987972
1375394710198624256
1195523575811325953
419754394
917188197020569600
1200923390263083010
1437557009520414727
839665214
1061494374721183744
1256533539635388416
1425116255242145800
977773737553444864
1336142748387336194
207177380
1330936871904571392
1259901436139319296
540850149
1162699305314127873
1233408702482391040
770619552291885056
450096968
1444317062940307456
1012801888151097345
1432462420602068994
1387699343096836097
63793359
1373823102493204481
231625983
1446255591001923588
1446250649717338150
2892444168
399392718
768238922728022017
276406467
859718228
1148629892
1380243415846150144
81995443
1413882700369252362
1442722888298086408
1374618271698317312
53452341
1349003438227664903
1445806635356614667
1318585815086321664
33321957
1268388353512075264
1195557343540342785
144165914
1436234684841738240
700127687
90688724
180163048
2705594513
1378440170370961411
18178038
928651527383744512
1378760971313876997
3129423862
1436805195397279745
907356625056415744
164355689
2957906219
1290732960359108609
1414681928003772416
2390202319
2992876145
202108178
1400570679838183426
701130795407142912
12667212
1369790970590425090
715416013
1436340004943454231
520865429
56057274
1100529102451290117
273671551
1427975736510619654
1405281629703065600
11785542
1446103719523745796
1336014774086275083
25675983
370354703
1418388554288439297
942576405283454976
15384822
1434995020596121606
1442473565530451969
1435004988032442374
3230486058
1435015466985173000
1435010199610433537
1435007127576137728
1435018764882522113
1435029597905727489
1435020090932670467
1435023585500966914
261809548
1007388600122724352
1415612874714664961
1257740288686252032
1435006904321908745
1435014320102862849
1435022311128768513
1435012489780109314
255361672
1435007878469881858
1435013408986959879
1436927290819108868
1436757154376126472
1435017031699599368
1436539585534779395
1435018568027054080
1437072166353264649
87715008
1435025608845586432
1437065749072424960
1436469791875866624
1390996732939587587
1436425750152990725
1445508853387317248
783410526395076608
1243922311071379457
2887983555
1374374444873830400
1170295641962143746
1381257711971676160
199509754
1254465573964005377
764014220782338049
890020776685862912
936763869015564289
1280140547579973632
1395031953326419971
1438381854604726276
747768859
1440294778944376834
1371819196317896715
1355199197985837061
1351104908
28556670
854788171250507778
107809505
589732846
2983390795
593019451
1587458269
1443030570519482368
2525846220
1433871554689974273
132891813
1394667590232969224
1445597465822916608
1442365038178672646
1428119770306551808
1391278939402735616
1375290991935025166
1378608730787377155
11953892
1442887480508887053
2482794265
94219247
1404809883057332231
1630840946
1392433637056937990
1142760239999025153
348196894
1054627490
512846818
1439832243078373380
2592380486
1430005896927604736
128214719
1434324843655270400
239602806
1092513026
1441810416015843338
44071693
284853958
1436424380716777474
1369166616106180616
2275772184
968349462077853696
1365045394942615555
1441937918671523850
1243185415852441601
3108289466
1375918905877803019
1445021420791246853
1445499618922430477
1353850770379177984
1437377006845534213
1445872651507933186
1411733139265888257
4348582873
1076888132249927680
260090238
1369574910822125574
1366670379683577858
1431932477082374145
1443292667824197639
571847191
1442613004235788289
1431259531179446276
1445771139192537089
1404078334615580675
53179077
1419658127490879490
1445832689593077774
1084797324461834240
3292949839
386767166
2777697256
1445811936151719936
49119140
1445819964372369408
14155278
168867653
1368396767599849480
1437161980285132801
1437062461534867468
218160599
150099677
878125628
1431543480996663296
1368652839204061184
1445437674643509251
1443868045282365472
1445101137703624704
1274250285171585024
1143379675
1191799530053877762
838113118639144960
1439086649913196554
730163754499969024
911634973
928998859962974215
1344446287102562305
992814890795450368
1432858098776092672
1366815079648407572
1372842224610861058
1608565658
19878309
1323705439670964224
1392920069072691212
1429637946747936772
1250416069
1443179342759092228
725245626477203456
1385475769678409729
887539158
1418458227684085764
4493890816
1354253125117468680
1060338049807192069
1225706669423788036
1445654518557855751
1324932254540296193
1441457240435613698
58904127
1437484130212646917
535334189
1430421683983159296
1384639051748331522
1362420148527841281
145227977
90864807
952542166877745157
1407336983177924615
48389613
1441499378116562950
941330574505070594
1424555721383981056
57539237
70072622
1359533065
995347690031464449
947950368389988353
227674017
1337711292581355520
882481450980966400
2250968288
1368491127859519489
2827237678
1251433386566180870
1445417258692534272
2444294352
1439960828271284225
1403490072176046084
1424400813041111046
930139841844695046
29030224
1246746608630411267
1445462892430565383
939315327288012800
1429171445184090112
1306964316348911621
1240636618207375361
14077542
1445648086689189905
46708431
481824363
2237111
847313241571155971
54656422
3575214737
407456650
1441834286311563277
13629592
1439082743837573120
1092256579
1445502940207194116
41572535
1289948784521170945
1413130865069019140
937779235275640832
160251027
947664985664077824
1376771038109954049
36248417
1101862986
1274578901059031040
1267832946507108353
862480616373145600
1443976273017991174
261617811
1439059315218796555
1427028795597393920
942534108369973248
1427107198304456706
1134303245206151171
47589740
1215781988700803074
1358017988339904519
1431915515069407235
1444832302169681923
1443266636031606785
1445482639033573377
1440185649269665795
1440105716124160000
1024335320974872581
1432931979348033538
1440226997301436420
1407361
2200248483
1397279125971247105
1034232086008193028
1138018559626366976
19706955
1392877123854086153
2155042273
2447623112
1400922879240425472
1410045075690856451
2645987700
1440900132707438593
1348048131867422725
1362207725179002880
1381819463893360641
476427938
936984765382701057
556629015
718230843425210370
1392666236614451206
2899789201
1528367754
1435585155574505475
1394202600493314054
1041126617366626304
1431581119087058951
1391151033179643904
898557476391407619
1444102755061280768
1441788321907183630
1417153096954822666
97500906
1047928474189488128
1420107723262373889
911129616839958528
1137114687546507266
1354899734163501056
1408216973469634565
24730763
3587397379
484368364
1389121447235231745
811726787667369984
271487661
1439998235754606593
1242224072928440321
20763506
284874176
1376574484661088268
1359236518628319234
1316779015777198088
3090070846
1346599984528023554
1430311749933092871
1641164905
1394451690103853057
1370569357525360643
27203633
1424083254278164485
1376465215584305154
1425894803460423683
1432293641570029570
4770345982
1370818124950302725
1444703950767378432
55156557
808820684918919172
1260347616006533120
61886575
975086797364621312
937893866069512192
756013412
139774282
1118756648980549633
1431660208246427648
1444829385647968256
1399288466647621632
784820897341399040
190047016
1442571768527343617
1197943256157474817
1373674388793425924
2201118552
963196165977137152
228233034
225133554
1426115550384689153
1431885012974989316
40914420
193632291
943755818901553152
1381542946001068035
2545769795
210676065
1430997483887337473
475338744
2899720926
202317740
114430429
144332695
1434403036596682753
1445449138099802117
1441924151208398850
191429483
1442229113700319233
1433564463429341190
602963205
1432402677464449025
1445394313341513740
3139048579
766054551959003137
1438460597692157952
1347853435
1434575342971326465
939109944
1255881719053500418
1199126756
1102602605778358273
1445468131816660997
1442688993418690561
1338523632285454336
2893888811
183510428
1355531769202810880
1425474888400359426
949325054885720070
564892563
901164550581624832
1385023875860164608
1354870201414770690
63815868
28430875
1334939011626926080
1395154870932541446
1431150485449285632
1443072941659328512
18506549
1135386818227200001
1414758107985715202
1442975144742428672
3979098372
1432571661266694146
1435005676925833216
178887410
1435894518474178560
1429793759575805964
479551849
1445436876496596996
1286590067314765825
1387270901767426052
1257818490712526850
134137421
197953249
1445374731692253197
1433787843260735496
27515024
1433175583547138063
1094224072781705216
1237529890901106690
1397067474009460739
1398792599255846913
1257882056639434752
1444628129671262212
1434132590777176067
343919817
14162498
1443324170985787400
1442113099994054660
1445354828360818692
1440522610148724740
2900136790
1113094551122567168
517262817
1430089758865203200
22303735
401820442
1256279658481541120
1430408010749382660
1436842426644107268
18081679
1656922482
1185138555011637248
898475117159874560
197981305
855142345
1445345487209500677
1372905382474092554
845853176381296640
1323696502401716224
2874103295
4567405392
970234417254944769
266150282
1150244056326426626
28485944
908293597031751680
1363597573940932610
1234563166010515457
1358834712639340547
1245607001226235915
1424092578169847809
1330427538611580928
14876698
44841294
1424394041362456580
1377825252470886400
446587320
1436304351870468103
1445327656996655105
1008724735038025728
1427832104189038599
1429487250182590466
1443991630717935617
1433867185068417032
861811311402917893
1444053666319806465
252827442
3086813351
1428125760280305664
73285549
1444076055837433862
1442139897180004358
514265897
1382653024301051906
1407294692962684933
131991878
1436478038607335437
1336572298950807552
1389625355204501505
1432453061927178241
1118321689
57752975
1444765044055715847
358678877
1416504139899490306
1401290081747361793
1420802758245068804
1443637900671913984
42110698
301962362
4217874267
872944905949237248
358012259
1184189627596304384
1442179173309505539
841367571655991296
1429820872005726208
1425621773622472705
322597941
3195339942
1369448646165561349
795791176892903424
929305163399159809
214741810
136993713
43069204
542952109
207114598
2944928137
907319249890357248
1327237542182260738
235148824
1444163283435417601
1428731082724106244
1190186785399332864
107266993
1250404351312445440
1435606558185082881
1056991861
40565808
1125939756318298113
37225654
1413829934330519553
1371342366
1434978708327124999
1395444012279111686
1441498514433839110
1432341876925947909
25918387
1002998775554535424
857239680328364033
723922332415307776
39702790
1378252110505115648
1138715932467924994
1210210911891230721
1065379908
1029895295167918080
1434506287765762051
1249740856967430144
1435179268535828480
1428020865803948032
1355675859219320837
1441302771848781825
1177655772509097984
3416751309
22232195
1373614636159803396
1029055639669104642
1287572324867178497
3143264680
1369370459100377097
277996738
1273600238943600641
1317338532554317824
1218993107993354241
1231753287235330048
1441303661368410116
944045612814577664
1360748422580604932
831790218646781954
1442092749646270470
1175929546626887681
2691882704
2918256235
1532657725
61465772
1703355756
1422074298848612378
95308183
1331577190476079104
1200028185779429377
1445288625919311875
1435182700172754944
1442632541555486720
1421904129048424450
1441370491348869126
1429030486890799112
1375768303851933697
1435554571548430342
1346816712956633089
1355999883862437889
3086315283
1367449733376139264
838561891
2262758048
1441180862196830217
1401265554317586442
84008973
1183663045081477120
53390892
1326654262185775105
2278627254
607843
428704286
30822977
1347588041272152067
1415805489141649409
1431019964639625230
2334473912
25214592
3443213476
906161730706960384
931002769107951616
3807675495
54526844
1325232719647760384
1377409905104093184
1362651849057206272
4631160441
1083929129802641408
24147086
1369412103321362434
895086240
1376725625352773632
1181252450566713344
771544908
9406982
851104049722122240
1433441931087032325
1028472954
364417554
103679684
1374879145495302153
27819379
1298811631921532931
1387536229021884416
305948381
1072893428
1048362360417603585
26373635
1400652367607996423
161094658
2916154597
1324730931555393536
1343682745558560768
824328670793895936
1221826807084662785
1445132585500172292
1432673814278598659
1333710845180841991
1355566235526676482
247100030
431679410
1379330736533164035
1388485613796696065
1371775533843845120
1429791131299090437
1390058401162485765
15418300
133162379
1444928171036471298
1438276759858794496
123791693
283856697
1395378114478358531
1390465805003853824
1374358752892125191
1441238683047186436
1164090642194001921
76580170
96862570
1397051171358003202
1391856812714954753
42715005
1268658374310273025
4252137093
171653078
62795745
1170096921479770112
1048067973632602113
16302472
862544035268972545
1285566498153660422
394759469
1315139624348446720
1425076924422909954
1375119807406805004
1243014605200183296
1204394351578607616
718924047959138304
472748856
920911402415538177
715297295894335488
1444165794506543107
3648075616
1444858005934202884
748632405427232768
4197657257
1391128219030638592
156523231
3000596263
1516039273
272083356
299646997
1322887467393937408
1299836851130310656
1372244167603019779
1052795167462150145
1443889803787849730
1445229300916137985
19340842
260977007
1399425175448297476
1431272925651480586
1009078808945676289
118542906
3035282690
1395593089033539587
1421646456453308416
979835406718976000
1436356889294643206
830933271949217792
28901365
1442129977860771843
1379270375264030724
2835427100
293290284
962663635901403136
14995300
1339755953353211904
1445188663311278085
882476521889251328
1432137047578484739
2530875314
266132220
3414131302
477126475
133635254
474467086
37240591
1394502858813308930
945148311966703616
37974779
878091397911511040
1162963426337075200
105161998
1443776686948978714
1385952388557668355
219617967
1366335021343268868
1443943687256363008
1351643541320183808
479906666
55537100
408280650
1286786945528537089
553138498
964625496301547520
4242636073
940732491475845120
1441188980838449167
1421829403617681408
33278407
1439769625760256000
882312741998002179
221612625
1443984002944172036
1131990130783166466
1394420587745980416
1368643926249377798
1428392873586741251
140447611
1381933520851980297
1434987243521851393
935615271703678976
1265298352759021569
597133115
716351357553360897
1221234946959953921
51380661
829695964436905985
1374821478240256005
1445115754790096900
34580014
635533
1444780928493096964
1159408792104308736
1432551739522043909
2484579056
4158914721
912521336412569600
1421639042861518976
1432162563467452416
14438552
1304064932548288513
48309435
1201316683
4892494137
168640215
1339426189824430080
1437946245906149381
1386080167202807808
1430004025735499778
1445009611686232064
1346897007693205505
1421796882246946821
712888581971439616
3081493755
148044086
1442637272340316161
1428016305303547905
1227459274223312896
741167404789735425
1427357062091186182
2353945110
821063733850107909
1388816183856570369
1270619926957457413
500720865
1355592506990358533
1179463286414331905
1426792342124580865
1035227832505393152
1095951190372700160
111565704
740378510930247680
2592034201
1439210677160357894
1394748053081444352
32831923
1253105765914513408
5802762
963514593950695424
23563284
1363351282535301121
942882515408310273
3244309830
1397032177343373313
1360267242458513409
1409066939062837253
81668687
1218967916860674048
1058072666408534019
1105294235220107269
1395762507315298306
1945002223
894940063909298176
863331529124139009
1441099083221921800
1307137106309836806
1135041321272393729
1405522086840311810
838656287634247681
2311124785
15796850
1435633733999153155
1406812985176301569
1420171111942262784
726785778299195393
1370648020824379392
1443179300073746433
591124470
1371778831028252677
331266724
168685421
1302512996795604992
923856623184986113
895971408391675906
1434770907403153412
1194885644415201281
2323657634
19778635
896751572608274433
571751846
3802089139
1442042163336863744
50874901
1397502418946957312
1438520165474263050
16194715
1301143758617141249
1365551904248516608
896372275376779266
827835916408414212
1102994564409974784
269914297
3062854073
25963129
89371426
1075013474130874368
1434998826591350788
1072605746418855941
867403699152453633
28431347
75696281
1445010338458517507
925157550617632768
414097222
1434360760621273090
242749724
949849596842274816
941787941545721856
1438446132821217285
310965225
898126857274613761
1444995761398235138
1444971618317574144
1389226205941993476
1417283762161860608
1412257870687531019
177436434
69719790
1274135012552478720
1355234536808984582
793835650399215617
1192927255628058624
1425940758163558411
930089797489778688
875123067403591680
1373585630362529794
22216038
1395839408520187905
866444450028847105
1387535626657017861
1360963842797404160
1400524577718083584
1343482162973175810
1382344155314069516
1419304583952797697
984537267648643073
134497658
746592946653274112
187157040
4870806852
951852745773916160
9419912
1230342095573049344
1403629810757214215
1320875181590630401
77245824
194027506
1356469536497762309
603849829
1680112890
365525724
1344384002400997376
90388112
1419310597330685958
1357720552929193986
961715488165433344
1439659488907309071
2190251185
1378462026
1212554495499988992
957334918442508288
1619677423
1319425769395859459
1362084799058382849
1434679064099495937
1420063390517633032
1430960031986499586
1393649588633051137
2165591424
1394459203025133570
14303692
27130116
1444610221645697024
1210641193601818624
1426293094199222278
1437670127563120646
1355081002419412993
1420913897851129860
1427061500108173314
1440665148549566473
1444760687440498689
28866531
1204876880169590784
200442363
1429227135714029570
834599495157563394
2941170879
46952374
1060243589479968768
291786545
1416540943
1322247549273563138
1428614104613195784
594414921
3290927107
1355835561253232645
1371896874806910979
1398137532576157696
1347999302870659074
986240622951448578
84827392
1878243817
1427796950917734405
514931454
3629301496
1431719277669793798
1238756688838021120
1284260488184922112
15384970
992085738102505472
1372138916598386688
891475169914564610
1431333106540335112
1440850164428640259
15920082
1415734612144398337
1381061888109244417
1212983769142943745
1273283408605655041
1442940848522596352
973261472
24673528
1396624778480414720
1325603421165006848
1433836518104174592
884133766679085056
74847922
1104099422659665920
64242225
1444332232383078407
193514698
818248669329784832
250210878
36932998
1443637730848632832
4285109481
17772101
1271536912189329408
1391331992948592640
1435397469769195521
101553187
111199222
1444606723075964928
1118787442998304768
729602952
941702840548028417
1444431431812489217
1387873968904867841
903686507164188672
955198694353227776
1440508363792531462
3019877368
1439276840695312387
4174217079
22855183
944220848591847426
52264652
4506015138
929107091930996737
1401658051682205698
1434055838
1080397859130724352
226837016
1373112430344175617
1429878951237849091
1341693372440834053
425358223
1265613139
75287516
1361449057957339139
1364462296248946690
343283638
1434947900199653386
1233232014381395969
1360661569844236288
1433123851546804228
1331290029159636992
3347629095
1441803599307173890
2391221
1437554654116605952
1432354940983205896
1522100887
1267777540061450241
1354825669956431874
139638149
1441455601029054464
1213102318880616450
1442425519165755393
1247843800724037634
802161297404162050
29556570
1332498404044378117
1373168815375314945
1204558670719340547
4924195039
900146065
978739029347852290
1394379587350667265
1091371212469526528
579439817
1432528322689474567
1057207661756932096
313001567
2594356844
1633835191
1400650524031164419
717012289682071552
4750852885
1355174572123959300
1266028693811593217
1034219955217227776
923403494
2725671223
2799612289
4848555792
800907211
1335651821126291456
1387823452682395657
1122968817297047552
1444304181540626435
969359641778909184
1439732681311498244
1055777485063942144
633324660
1372124450997604354
1444283855607934976
229837987
984149975948054528
51170718
1349500926185201667
251918149
1181011443614916610
820080695158575104
83811812
24791515
1444089448245858307
327859611
2506866007
952611079363981313
1347166862002380801
2997944683
1349747285098450946
1401136110298832899
239441511
1436180287906410528
843850617118515200
1262693401
1437290254361251840
1434032387076263936
19961846
1444166356144775169
1323352449621676038
2321567628
1152969335071096834
102934269
1442694768002224131
1212072888649437184
463423339
1438312496805208066
1246633726638870529
15850238
3295131533
385195346
1429945400467787781
1376013075153838081
1381372988730310658
1407468814204350464
1373825712235352064
1434587617727819778
1383740802787020808
958531505008996353
3164949178
1396451442169372674
948997311811784704
975645592142655488
624964619
1435761293055561728
195629650
1283078333249593344
1415072710233923588
2874439255
1373763963066925057
1377686512645636100
2385879764
50202985
786558444752863232
2188920537
881161060635607040
1270350349212225536
813750020
21887115
1324957381126623233
870679512639569920
852104622303055872
1376546587258744835
3916461
1025086063407230978
1442016384800591882
1393662427309518848
1158424924911833090
771422460637872128
20055014
1436354345193271302
14318120
962923011937628160
1435414079842226177
1372067580635193344
1442317683328880647
1243695658940469250
1435244123800363010
548818296
1425547057486520329
788546682900320256
3325255022
191104496
1376673050087845890
904772373991313409
1374072591074361347
1351288179727368193
1362057881240014857
1422702391598620673
1428641718837121031
1405438217382289408
2697492295
1311402766552760321
47058851
1055175887707090944
1437636095252918279
11927072
1417575595056123906
1329843608745340929
1375856950714503169
1442488920638308366
1113267182
1401731578045161475
498538834
18747586
62124198
565333362
1432867075903696902
1443266081578045441
1434062217717207045
627056168
25794260
729485798538534912
4693441382
21722773
1392673451052261388
3096718165
1440386027357556742
1472271
865628515516862464
50460555
467902227
1302266031415734272
1443753089492611097
935966269072867329
824373214633537536
1443745781421420546
1362107629762306053
734358595278655488
15060393
998648191
940436498565840896
1372400435621941259
1122361704128688129
38773313
1255378644408700928
2351453863
1436243563117903879
1371759487250497540
276028820
1414455158952525829
657863
1362848359334244357
1441263125651615749
1433337961139998726
1356412772981075968
1234759804985495552
76657442
978015482300297218
703784441835970561
1443322298069569538
455276497
1372961036324630528
1361092468268294148
55466803
599123581
1344572645602258949
1434954567796596745
103424964
850680048801677312
468930263
866695268846227458
76055817
1361020737415479298
39597874
184403252
1426736601778974720
1184429329
753204506461138944
1084257769127985155
342532472
1455332864
1011589645770031107
1443587560203165706
1036919640524574720
1381916337635696644
1442932207912472576
1301159702143922176
2407562730
3730285645
1549967905
911011039063494657
1370291714657722368
1441815045776691213
1426150116797427717
1433477027449872402
1170730732953776130
1396559593338130432
86322263
493526598
766927246078701568
1074675049737662464
944050237391425537
65308445
1348305262424289282
1718432413
706926461056393217
1217963575
1226418421820092422
1441857694382518274
1219979408
996395070390616065
1144134652937949188
1311992522760228864
1442755890168438787
1436609375204884480
816538707628933120
1381466977840037891
814553082671398913
1369458044044779521
1433328055519522816
903043213941915648
1328516675113607168
1354851621440634881
1379630906877517824
1384257246402473986
1369104780585365504
1185480024951902210
1339875863328911360
830680230708666368
171182155
1253608442142445568
1364253162073296901
249199165
232010620
27176143
1275270958148923393
1288548133564112896
1395021958060941312
2513777540
1439348996645048332
1346759824013316098
1078994494014423040
1467550608
184897589
576750890
1377614422663782401
261899311
731248291
1305436071778377729
1353188391530110979
2693877960
313106928
1442680346626052099
1432897985277530116
155630760
384628796
371552067
1258126984661655553
970379892260003841
194325861
958432440686710784
976136187470630912
1442938753262100481
1008394186717040641
1151155883906359297
1382921578531459074
870576219741454336
2750405556
542015823
1381910194599378944
944554527541350407
797217476417359872
1385917397018710018
1436257837613649922
1183434332842741762
757699324553809921
286230424
1437649834744422400
1402000675354075137
819712236
2187049592
1435965836435476480
1364282152171540482
2561374313
798606531407343616
897678821067042816
40501626
1399830711079682062
1157729244
738854624
1418813298942828544
1070094902
2212704053
1383832366725038082
1432674710404354054
153678513
1431731991502798854
1245424043991408645
1245521318
4331639006
1112328463388561408
1311265847890137088
1324408692347981830
19147837
123121266
1440266515605905412
2940342692
939040694827589632
1416378427116978177
1391688968702504960
1436318591004127233
1426147304462032897
1386588801867423744
748400431898976256
1376555619323412482
1366034712511336450
1133538475066765312
289398479
909834073778028544
1283234162552434691
1182621855074512896
1260852609566605312
1400424443625705474
1430342677669629956
1189390440820117504
1391591120048513035
25806553
458634725
334029147
822591576
2721165800
1080138272763006976
1270708723829243907
1433603690753978377
831972136025628672
1443050613193986049
1410258227804135424
38973831
393812798
1397590913220710403
1432797301030809600
1443029147786350596
825528817481502720
1137139750857453568
1127423666
1390906012152918018
1386501010705862663
58388862
241298452
976985843268120576
1442936119709028353
1442221868732194817
950262199754178562
412596593
1442928155564593154
68902190
1428403103775088645
47003097
1442933756881477632
1355316704130301955
1089123940016971776
3129385857
1293099221390942208
1441147592662872065
1474455536
912516760007450624
1393097707934392321
401119721
3270331849
1442905997043851266
1434322084549771264
882075929844924417
1442893917641318405
1438782552844783617
1371165346099458049
1433105406184738818
882733004132687872
830960273808826368
937159531
1352504624897380352
1442498798853312525
1438602951375872000
1333322235457773575
1393812275371282435
1115800926260846593
455912971
115737739
1356643455536156673
26514466
952190127291367424
1856784380
279695141
1383570371371171843
402014653
910145730291126273
42762560
725279996714078212
1421058544992854023
1442817225673650177
155586340
940326223
1430812877837975552
824364132216532995
1427909050654773248
1434540990551912460
26213215
1360790046589280259
1442645246974652421
940461679615229952
1430097273589964800
25862987
1438432735580786690
41096426
1429065408594780167
4358294415
944141588174839808
403609357
1233224264020447232
4884092641
1070258054787153920
1390843279697080321
1266945457596428288
1295190508126445568
1371947654398185475
1017129500172308480
1401655704990199814
3010843147
4533875122
1426762170612785154
4794978200
1907828569
762331506090078208
1440374115806834694
800089306421334016
1330039708664160258
1211828955432419328
2840087461
1068826632822185984
876660470958235649
764829301
136870122
1219661714964152320
957290357338845184
1442411891683299333
1037989844201299969
1388739294353924099
2279699294
1373536013595803649
1387315252816093185
1425801923500802050
1439637469377486853
1096367816
890297435666477057
1379160101139972096
945855488486289408
486630010
1156263547313127424
121380910
1328172707691819014
1387668840318910466
1393870525718429696
912347142114676737
1213338396552073216
919485354293547008
1388814512879325192
2424043166
1657747987
1432195093969051648
1403955928781688838
173841737
1369037252299481093
7530602
612625637
1438433051449573376
32965221
50608980
778235034935275520
925961851829067776
3207651585
1442650972451336195
1432897048664100865
1132297134714212352
122565021
151051737
14333978
370460793
1429929542257463296
78750398
1720695572
1440475019939770372
459950105
1436725357118382083
1439933924155723788
1397006804064735233
4238145135
3080911870
1228297069
1072737456460451841
2781988067
1336191614356742144
1362110046314893313
1391257717403111427
367415758
1439706662324031488
1442683515229949961
1399046789005668352
134773039
472440532
321665196
252785303
790664348
1437608552013647873
1337385046538412035
1430214263717695495
1391808412120326149
1424687934737829892
52758937
857246742
1408620996752556033
1437625238921961473
1442575705875759109
1432874737965883399
56795976
1433219573487177730
2891486571
1159218178708430851
23699451
1306436146050678787
1433498639708590085
317566134
75981188
44202187
1370801740384251909
1424767107036860417
707454868664008704
1441919921131118593
1440040833957318658
736727736341958656
1429954413087625217
1346477512642072582
1442573001728221195
1441139968827555840
2181440196
441088527
1434456986008096776
1303829104609964032
2308344774
2223619039
1412122183904681988
40788520
1442545521739001862
1441858637723435008
1440405620746715146
23634348
42691336
1434026780449460225
1020455167622352896
937244240366784513
1368329868581216264
1442511315235270658
1314099307453116416
1370705708124016645
1369665988678057984
929548537968201728
702630345804480512
3242032535
1430964476560527361
1436929867052847104
1428910845531148294
1424602305328861188
255676128
1442480480650022922
1426208143776886790
1363676765839892485
835292627754856448
22411822
24787595
1442456757666660357
835486662041952256
866446344
1441799033085825030
1438150265207758857
3760165873
1425173713813741573
1442220368404434947
1427128076404617217
950282220538941440
69371736
218695277
1373609775590735878
1316395276144386048
77733727
1376916519322542081
3951971894
849063713068003328
945116849175379968
1401125754709037069
463320740
1562485003
890782571516248065
54609434
845924102795780100
1434686737154969601
2788204668
1404088187065143299
1393981137127714816
1434054787708833794
291464018
1412851345309061122
1354927916463906820
2545359793
1070581919249768449
1395513332036116480
1442290344779935747
1428702539072122881
186505376
91109736
332269460
21777559
1428506035774427139
1193110027
26103787
242044432
1440925628291850241
1440185304774627329
252990887
161725678
1440971914571390976
1433304658081206275
1375565651507560450
963762793
747951476513857536
50802214
955127287
1330046272858943496
1442207581074640897
1386853215749222403
3085658309
1413583562708750342
735027780530753536
868030282292539392
789856820080758784
3818067322
4804114077
66573387
117165677
1355966633425006593
1432447458697572352
879318387687649281
1322818717
1413751212084654085
1002517332093071360
1380647354198601731
1440751467585933312
487442423
883053981081243648
1344400461063884800
1442170904390225927
36135043
1348753561849622529
53086040
12841742
1428518885439856643
147139496
1252327401591357448
2479506325
1391470035831607300
1401739163766984706
1368425224237027329
16221965
1254532288139997184
104491464
1173315498
347406190
1366307629354668032
934838202510307328
1388990270562258944
1392293824504864768
1396824350498586624
1279795446529921024
1435220175981191169
873835416
1436527082641649665
882244481986289664
1336645416587149312
980428794686312448
1436370718665560072
1433809241618489350
2441728986
928918464483520518
1408662981014028288
1163858264184041472
805576395711647744
35474327
1431005934567018498
1382219900337451009
433643898
1362288718707650562
69113004
1390604399052005379
50203809
1442009571220803584
1432002463729479691
1442036745172774919
1440790611536220163
1417667358827614212
903890775318163456
1325689689160953863
1351803448535117824
3208751003
1368727504014348293
3273161053
1381595860102905856
171777319
1427298086854950912
1151312522353315842
416017353
1147339260132900864
1440957896758542341
2204965298
1439773133901230082
1170173203349745665
1438928032744411141
2308478694
4893744849
1418978712150814724
390723083
102386825
1438728188981440516
1567062210
1433995203744960519
1363754051591151619
1338346465295544321
293079569
227065569
1580350711
1433641674794700829
825398905294692352
1425908438861811717
1441170018016759809
1425222956196667393
1420449111577436162
1290620922542596098
1498859455
1299186862079315968
1424479551195783168
1319115833231265798
172508674
1352047202621911041
944234521318236160
380492004
1664862794
53394655
29075346
1371041970911653890
18933654
1438261148139200521
1433123969239076865
4610731874
1433825094900531201
1425036212616810505
1060823443476701184
1440113525129625601
598545872
1441835372409868301
1403906611521806336
1413994012831268869
1275444415155318784
1128005836339666946
1381337030131642371
1056699670917861376
716659337066844161
134738582
1214791255760109568
1223997857109118977
1021729203811704832
1026887209750675456
1104304890828840965
1208185579638149120
1180487623971758081
1361432876848447493
1421332068089303044
1431232160527159299
1435302012170620930
1354399613457899526
1432334051252350979
723822893801607168
44551272
4279380863
1161076735842168832
170204899
133873593
563365404
231448219
1382141379288166406
885879934245142529
3350612296
199401360
1433741837986979842
1428184972108570624
799348918807134208
1437330819442425863
1308725422214057985
1441235938093383691
727633524057083905
595426034
1201253632626380800
1265074685533999104
739221976435167232
2897047364
1341246319776559104
1144092879020859393
1298918054223585282
783735642
293229356
59648954
1157382361912418305
1382714448842878979
1221113813581410304
1329036035850784768
1441612604825227270
928199610
612317461
1362848120607039493
1331436119356006400
1431287829141860358
960137994484133889
1434160886118297604
155813958
1142422207
1137055723
2591578956
217963742
941047720537571328
1127018577922600961
1437528775793778692
856979489108008960
1306980701556801538
1440382343651360777
883575899806777344
1342514577305690113
1351769132220354564
369232421
947019113116745729
1440575074134757384
1440690605730844694
1356089631201054725
19265918
1432024026076045312
881399193046179840
1441520687210921986
864709662410539008
4643790318
764585655707979776
1439823655379341313
1441488442609881089
1345178221780713474
554703796
704857851047448576
946860678169624576
1900107625
1016291486068027392
1266860303469277185
1430985508604231682
1334214626473480193
933013852844945409
1392759951072763911
554695079
1441462199264813067
1287062599
3376226680
633287684
1409956734869938177
1441427364022403074
1606699898
1365892854665551873
4888787070
1324641327804379142
1345695277135478785
1374328168539115521
137649466
1437885273652727812
1441286581185232900
139613153
1440745505772896259
108532526
4030092313
1431787110755831809
1397777018800934914
555749808
950317290444095489
1395401372166668296
1372032722097434627
1029100495
1088852840108511232
773677644512722945
883776954347831296
1441410887064113154
1070218204692197378
1424866270793453568
28071209
1416353053297442818
1006334935
959235961333858309
2201736284
1117016490346151941
1427276148271165443
1295681825004756994
1251650317189611521
1428034964168200200
66557932
1415947973008240641
1436599431097421830
1431914302227861505
1342833777408671744
17507104
1130803335211040768
803824002670227457
1434544166751518721
1440187636698660867
1429612424198594569
383580184
1403122864337801222
937117086911905793
1440431558939217933
1053097774697381889
1344025125532835840
1280786734477742080
1440918680204840967
102910485
2417504852
1431073866445512706
394373094
1432686106869473280
124694142
1432502157861797891
1542058886
1428427572162043919
1245448467150823424
3237566975
1386922561838096387
1108556593224957953
976449633164685313
1384448217601826816
1381854289606275076
1371512765047840773
2609874651
1391427022707216384
610669221
783888601062920193
1441172765810200582
1310787068650422273
188220237
1437842021956341760
1435554713328500742
1356812310283575297
163916621
1476110886
1714629607
1337109039830999040
67068768
1185179273486725120
1441116352043892738
402713657
332346805
1436686274
1242489903662788613
83479906
492990240
1428867418584125443
1286494615772647424
92670272
1413637475608760322
2496169177
1404512955937460229
1368472040148144132
22479969
785842963888865280
52264635
1402087868508651522
25966140
518516329
1383765207818719232
1338696087868076034
163552692
1370326472540491777
951710119460392960
1397500205344468992
1431895710518087680
1429449806347476994
1317639607
1354981265427083267
14160448
1245525542318878720
1291666641827192832
1440561107182120964
802270717345722368
234424361
1265539346414940163
1142421134559916032
1415339164330045444
1439732217605918725
243907149
1353706383112249345
1377049787401441286
1312260803521777664
1439289338
1437583140722184193
616115484
1441022195199795207
2892730437
1424750591704801286
1440048025401888780
1316723812109479937
921561142408790018
1440875261881290753
1375429816497897473
391675437
2264320890
1432603022819946496
1372842415233454081
14112809
1420252668946116613
2172491543
1439493553210605568
895271693165395970
1285808454599356421
21188298
1440317207393681423
1018032325408448515
2470665203
951244959067361280
1295310583256846340
127080370
18893279
1398237817139040256
1241862106313453568
375845444
1389138459609157636
25968456
58321561
1080884197101731840
1367436830375821314
1338152503800721410
367443882
1440912667611303943
913669136361902080
506152745
1424367793839869957
9567062
1440908423046987781
1433067063258468353
765602149753622528
1431289263300112385
1381911838363803651
1436482898371104769
3090657264
1385766205403713536
822378238907297793
1102792526581252097
1369045947389415426
1364896635927605249
1366751107305771008
1440164545771675655
703332028410941440
1045116710389526528
2696636407
902630435552821248
1051236931
1437049217420193796
1440558785773260804
919914174393798656
1392993370599944195
1933634034
529705275
1369057613170814976
1363799331766231040
1316073588928192512
1319661780235292674
359739380
1279860486046171137
1431057302421970952
175231722
1149316903
241279551
16360643
327144397
1424226417839984646
1007179657551073280
1435710195074805769
1357093397111037955
1431854031559819265
1203597216532881410
2731693762
45160612
1294867803787288576
1288179291671461889
272082478
2259143516
1242041832449748993
1104116437063356416
1361317428173619205
21610581
945738708115968001
1433970565182853120
1380113847982391298
311604013
27514654
20892225
1327485751768956930
1432842316251754500
1165912769625018370
1430891407108022291
1422989054556053511
1404160352359694337
2829319049
1440814237610217477
1293169136
1140914211922436096
1428247625090834447
64199387
601216545
586944459
1304331310484332549
6719362
1427412419278745600
1384214858418200585
1397650363046678529
1397345972901097472
1377341828035448835
3637162453
247902977
1390052688092565504
1076894912514162688
1439993985213374469
1422053459294134275
1366961348928798720
885702836184465408
1097528012218740738
449307367
30741593
45964879
1402028354556018689
786820739777359872
1049874985970487296
1104899546205904896
577359957
943118852291837953
1295560430195109889
863096462724521984
1440755814906548240
963567007093444608
1732329409
1392616329925046275
969597976078303238
902004460406226945
1413237416601821184
1393589851635781634
717000919
1361189498416160772
1917340261
1381455199554785281
814624760638439434
1482587089
850285944364302336
1419963475057545217
216346325
1357358662470238213
459906322
1188854129344401409
2307690344
2362864898
1429489925817253889
736334709630717952
1434442849106415618
1325420543357710340
855499988
2395394980
1440750376387440646
1366220193647632386
1377980727053201412
1413814588861292544
1402040711877382144
1405279614897950723
14728567
2874374082
990647877323100165
2562522072
1438210164675551241
1440751872327880706
32441806
836706432091308032
944658416043163648
2887451409
368782695
234191537
1432464087565455364
214537112
249846480
1338284430
962520409
1440748182942609415
233248998
1380179008424267777
1069679592384933888
1438847221559136266
219453705
1438143616585646080
1392717660761124866
294852702
956577535
755532303971946497
1440720520693964820
1281204253172748289
1432125967300976645
1379260121365241857
59067009
1440326156486529034
1391151148665499649
1426289563618660354
113306363
233166171
999468930828681216
15016827
2443980463
1395022536375783429
1426185053445443584
1360204048352366592
1439258999300493317
712273724880375808
1369477450988740611
2912242916
1348078864182833154
2262793051
134853944
1156708370537054208
1280243025382432768
19015608
558757267
65873698
1438990198298263561
996520218380963841
779915941
1390222166965190656
449016175
1433264028965474310
944179114583269376
957533653722157057
1359053733808623618
1106062606979104768
1211008459061092352
1421935573674205187
1373787519733538824
735765443948904449
1365605473228120073
772818959515213824
14434271
1430725849850867715
1433753040444612632
1425892476196429827
1208056868616069120
1411928549481607171
1439194417777184769
2533649508
1438931571143286784
1440356328237535236
725153937012187137
1307074844916416517
1266652889197371393
1440513512778788864
1103880275023425536
1426174287124172808
1439840075915927557
17438655
1440553686220951553
1368827226725122048
1431798263460646915
1434584543319764993
1341272915384229889
863385645351186432
1368983529829191682
1404312133655879691
57215850
285828983
2438895074
869035572362436608
1438093299588419590
1432581583161081860
313630715
3460131927
1426879179056762885
2461059169
3163177460
1432180698203533312
1518084270
443989428
1440522610761093123
1349961225778720768
1396561749373976576
2501427198
1544363395
1365144732423262212
567490189
739673869573853184
1412069012662460422
1728890083
1429912952245719050
1422525338530291726
1428187044002418688
848041115399966720
955042270138400768
4309691
1428386170661113857
1379405567752499200
29895335
913924195922329600
188821273
1440409568886988803
786321257180622848
1440459733710770180
1431149893683343363
27098375
1431782428108943363
2960056438
903042549140545536
37121081
2411136505
4445943493
2229158024
170867787
277891757
548370643
824499622768943104
1017793500
1432321969236717569
29202766
18415509
821487006
1430608347057688576
1429485209674727436
1323610673159557123
1252118104362168320
10867192
2372769728
2821124837
42735338
1016098892277075973
1334711882436014082
1430260262725169154
701344584928854016
886125208238563328
1421256135009464322
1381199587
1434441940171476995
547794475
162110526
342790938
1367830894929571843
167512310
2802907667
1422004167900504071
1436101017159053315
1299366077374185472
3078688034
1214459513270669313
1258316982
1392419625216917504
2867111180
1101710426
1324025480987746304
1440386087587696640
1381359294482890760
1364586848241274884
80590189
709876392264015872
1412743544645865473
1429960992
1355183226524987402
1424384869363339266
3064759876
1431338942008373248
361360422
97599959
1363920568387534857
601466103
1145964054
1284769237324623874
2840433036
2916132464
1439035925691080708
26401741
2327126144
66476234
772046765310763008
1019542957
881596411191726080
3308500531
1428758490055462917
345179905
1375871420387971078
220140914
1179319139401392129
1435215752383111168
955785818
1368586944955965441
4923455932
1418548932469088256
2986728189
865198699198128128
1432175429243211780
1422350907145084931
16216109
1380831745990352896
1428561874858086413
216667086
25197846
1331521719299952640
3160147238
1371561742493495305
18201190
1440301642792931338
810438462457479168
1305445559294140416
1433845387492794370
1379909106123816963
1427216402595778561
1394088980547706885
1223400522734088192
22500645
831561758934339584
1435974947101294592
1440218749538164740
1437463865579687941
978612684013780993
1439621724262125571
1371209715963813888
1113972662093717504
55396285
1356192150715826178
1371236758671613954
2841259966
1440268862893608961
334271338
1362928930278174723
861561216077922304
1348543436928987136
1535464308
1431256457677361155
1439545358984433671
1250012406362845185
20409474
1321804295218618368
1437651855870357510
1439154373456695297
1439913677658988548
127605457
1345671259980443649
1427234092395896834
1381513555028144129
880917151422455809
390653049
1382349887216451588
1432340677300477962
1003508310
1435519810566164491
1440081512200691714
4784218962
1379845404343296001
1272188568744742913
801364032
301854838
1438379084426346496
1390679570576121856
49854254
1436102527200661505
1087927954900959232
1369790264110288897
617896204
105549845
1395057434943795202
70711233
1434866422279294979
1256317837666287616
1349760024466264065
125282082
33073283
1431840413103661056
1354476507641483265
14332125
21637093
1413250175531982848
15322780
2735914535
2157595843
40141700
396789855
16664183
1440141389770067976
932353926342627328
1004811912431800320
17850450
1378383236712296448
24979283
1270288753
1437205893305806848
438159814
469500414
171997888
1436145400252022823
892417335088361472
919224606463967232
1361347567301369858
1438495428568309764
1232303174230233089
1377844192576159744
952983728401403905
2559875442
1439616606997524483
811988149
1316432390802333697
1434610836899725317
1374393179437375490
395547309
271162615
1440108206508945408
1365750796814487553
249867998
1436013976723337224
1355339779647279106
170258698
782668860780449792
332919851
1422018623611162627
1425491836089499649
1365910192777400326
190077834
3241345173
1642577149
37597184
1388957741557841920
4885136889
1118291272157077504
909035347941773312
1426662109757181952
2895081296
1438764890068377607
1433314502976557057
1430882519927377926
1403869592133541897
1391276018313224194
2962304925
1393652444278657025
1284887738
140022317
1310710142275432450
550554327
1310919636330770438
1432445628743753730
1425473046136164359
1068995594
1432063161096552450
1249789163957661696
1362895352240701441
1045776492498628608
763489131527823360
1424907760542519333
1437156017649954816
1271222608969768960
2796937437
1430528724064260097
1440019406655041540
1004552454241832960
1476622165
4346600913
939483014894985216
1419026737309143042
309605722
1432356450580537349
756326581
1342641872687263751
291691379
891212015347277825
18698960
1366119818282360833
3732345375
1382741070983917573
2826577716
1394234404327862273
1375647329710182406
141290629
19473893
1360501760855404544
823176537235136513
1331220467965857794
1351635889374552069
804053803934908416
1324190198
1417616018969489409
958013171264090113
1305422732134199296
1412099968408588289
722551997019353088
1431765958226587653
950118404
1370051373945982976
1089661758040625152
946020033146294272
1414744183638736896
1436292849855782913
806343127002914817
14111151
1435314228064309248
1426250809667309570
259008089
1353789179180756993
2992949727
291480943
695763267013181440
1431258131019993103
1329371341993234441
1027260337597362176
382441075
305392668
892820079422750721
1295076794786369541
1160477060760047617
1372679528041082880
1329894046932799488
34418054
1375072131055226886
2240620798
1439998090921000966
1378059179756290051
1435215097081827329
126042751
1436224660035751938
897239925661196288
1434559692412526598
1223434113484578818
1358549993586630656
200289425
765165446643363840
1043054968985419776
73022209
193500194
1216099685481340928
1140031380736356353
1177466435569741824
1434251119690194944
1379589074411999234
1438100184978886657
1423290160834224142
1439977300913758208
1353138074348212224
3387993552
1252573042657689603
914151455610802176
1372236431666651137
1433461447854600202
816015865166622720
1436656972539973633
1269077558009741314
725654130702831616
1214921602665721857
1432773212492943360
249546289
1423919692398301188
1434186254158123008
1438575847703670784
218407654
1371192976353812480
104931910
1143528005056249856
1435338251728941057
1349171740908408832
1366905275999948802
846850886
1255661991387181056
836431880
1376863608416522246
1420398308577710091
934254576227799040
1432654014534008832
3247573336
1436489232302837764
409407808
1124497157837471744
3649614434
947326879521841152
1436446260928684033
1333470929037512704
787066305526587392
1351585974
322233356
1257645392478515201
365096163
1679336180
1394360479896809480
989155660800536576
1313383566294745089
1373460901186052100
1430360503541387266
1350114605058686977
352342125
369429319
1316327906784624644
1429214135590526982
174624091
1161114788757303296
838760302615265280
1167013785875337216
872398223473815554
1320026615905210369
1133582827088359425
1437731656748584963
2248706532
27277940
1329577492454182912
1379462469664468995
376150352
1055904660324782080
1426444260870479875
478976488
1429399183761436677
54233858
154283193
1420707355071766529
1419575482027167750
785206291908091905
1389956344476848132
716240544129617920
1406487528622854150
3066039506
787404840443977732
37004941
889233668983672833
1285174206
1415703512328069125
2698591338
730242404872278016
2369278075
2387767668
1389075743762575361
1366711810464747526
948398938985394176
1325169125165948929
1028877346525274112
1435213960467333129
1243076510249971712
1431097613835804672
950623985334599681
19657705
998620125065633792
1434621822306189312
961744538950811648
988255110210842624
41726597
1619717550
1415016488512081921
931666713254481922
1377962662659649537
1382239452077035528
1439875050061111297
1401923284606668800
481858755
2160801530
1391329514454622210
1328942469740961792
1370919900676386820
1417433683712266269
596154655
1425850076316925952
994918961362939904
70288862
1347650828732129280
981372584439701505
941292916906926080
474863577
1434087616052408323
1437859831570829312
2423079120
755236401508003840
1432814190683516929
946556450
1424290735457804288
1439421287978266626
261903184
1361797040028672002
250427893
1432886841498165251
217916286
317890841
1372072139545841666
1437352662144454658
1430193236283301891
1425025701137113089
1310732572016738306
22415905
1014628128214437888
157869821
27576099
1358639466659917824
900518665585475584
1437909823358582786
612058324
1435863221550948353
87107717
843381671843979264
1393922402443304963
32899000
1115458706731425793
950295482143657984
146565099
1399538828470222849
73700158
979657469545783297
43003865
1424988903325327361
15469463
1407975436538171392
957694712160407552
2721675346
1338984525842403329
1412458747931381765
39200815
1391629440979980291
1432839739246186498
1375323084878667776
306652081
618539620
2164013485
1356468192927907840
1618650955
1434791122119839747
1383868068003082246
121997464
19302297
1403461420721733633
830964812398092289
1005182149
940533926434455552
1291776821814611968
1390128894511140868
866946345197871104
319303165
2542198209
1439678091710779392
1341408839762112514
1431313329868451841
1413070691226640393
1367021368617893889
1106665496403832837
820423361612238848
1391428592945356800
1246225146471309313
2842314737
1423438788420935685
552505972
1372657922593992704
331794964
1398552048543490049
108462243
1372217594334220290
1312231981682429952
934334371258961920
278790919
1137799624029290496
358784927
2314050560
829793104328691713
791681370
1226182459106021382
1397196571356373003
377480513
1028165164615393280
1434192177257717762
53271638
2266110662
1286559203721535488
1138877557036769280
1346144375731064839
1377486280456499203
1408763383306809349
1436466382212829186
1417036731170254849
1406743855827873794
1198190576
1428091909310980103
1347379498535309312
841867653920759808
13988212
235281272
1389968921739108357
2784743954
443268233
478869880
951603099533062144
47822410
17220364
1436102252855504900
3820077675
992106542152470528
527037939
1435793710810230788
996872411126685696
48766202
717385912875950081
1243596011072655361
1393144780780015618
1429076983154188291
412947119
51508714
999491549779124225
239924540
1093730254462611456
193284083
1346284361310679042
860179556015243264
1253490851797512192
1343710250629783554
1390159004563738624
203486766
1431279602832494599
41978450
1438309645936963591
1433224106850148357
799084513846390786
1602319368
374328198
1291516143010709505
1439781135144263680
1432933844559269892
514521238
1401715027044798467
1583468198
817562928127901696
14272621
10504702
196061643
1397769963474239488
1325630192778240000
1433408772819488770
1341489803746013194
1385016135620317184
1431774608265469952
1394208345674850308
1433178234410184706
1220123711459561472
70655632
1363876472432300033
1094657901849923584
14261488
1432984220616445953
1737559135
1353547741339607046
41489546
371033721
2955705124
1295005043222028288
280372851
3432186970
2386282112
1435594082051452928
1310130105729970176
1347703505935589377
35067687
1370253276709543937
1439768544158355459
1033957948924428288
1681431469
3005342996
4245098907
1371468873149644801
1313464490978025472
1356887347321655297
1425952429342748673
901257898164051968
1253802718491271185
2314521288
1438148023050137605
944388549624942592
41584946
949387590481993728
4013646856
1358688163082952704
222251662
734881064
1329950562478125057
1432012626637230083
1371494156313432064
849008886241796096
1394799564922802177
1430938802864852993
1434938467155390468
1395238135861325826
287301952
1291991492874006529
1438230693771948035
2943206115
52198388
2321671044
1425275694
947469948103942145
879106030185140225
1439697290306981890
380004374
846894200075386880
1378435119069884416
817799077865857024
1333664529193070593
1439017664857391108
1228609468851576832
1384404382758887424
756176873265258497
1186637061245341696
1387371056839675906
1354238096867549185
1019287468447862789
1277064537133457410
1371164014953209860
4112777845
1393330793141862403
1434949053725413376
748561019153182722
959196812
171095223
1437967835863687168
1278065606173044736
2903456864
1365471327314968576
1195728139898376193
1376299435966132226
1428074936145530893
1415497936465801221
592168848
716513225995456512
1386159641021751296
1323777524887965697
24971643
1029592652608499712
24229384
1398409892973756418
890611680551489536
994503947669901312
236936222
1341149937636003840
1434868156384829445
1080589386725629952
2404913280
1384384752380088323
1211468260740235264
1345691705777991682
1344253562386173952
1408036449090478080
1097672629
889822864643379200
1336753096807108610
1330621135306825731
4841112920
386650599
1169773286240215041
94227992
803452585
945124802934718464
975015229439578112
1384814232571547653
1426330818344099843
961851963708096513
1232310576749174789
1360389495238103040
1429233242184376324
1383818179227443200
817226819220996096
1391496807734136834
826140933469171714
1392301371227996161
1058725074595971072
1131124783825924096
966592956034514944
42453297
470672270
321136726
1069160730
756895302955696128
14436825
1428507210494132232
1424578600469254147
24501619
1356866432785604608
1024341091460337667
1434776956420050944
1377400086146125826
1216785193
743240947710963712
2447397732
112757510
479239744
3390467668
169343574
1436087791876706310
1357134427462246400
717288450429353984
2398027453
812329879
1053635783742107649
758882607400521730
952492964500013057
941372754259075073
942474761891995650
1432476072646381568
1224488503477555200
827281461090799620
1153018232673992704
3048650746
248327106
918466454902726659
1385012110829121539
1434978572939186178
1334952057078337536
1374021979070693395
377422892
1431711383242956802
1354209962906558466
1094390101910654977
20378514
1018855817288847361
1390301128454283264
1400144818995564548
390922362
1186791688402096129
4877357224
1352860357468053504
14153755
1434980389987094529
1423807475417894916
43812227
15411504
1414330132022452231
116270443
1371286722047209472
1370464326952361986
1079878571726913547
1414285142810669056
1253941391694204929
246123310
998491210863038465
1080465135460909056
101450649
525996004
2772938575
1279389388175298562
273239599
210066261
1261541490897059841
1426251326451720192
1414738697858158594
1360293231091671041
1294172116800036870
324321057
1026696670791249920
1381333988342571008
1197509818296291328
1370446156925403136
1364437782421266434
15004497
1378539480597082113
1429610187455746054
238289569
1427781677154111495
1429325975704068101
1088471098616889346
1425205584333262849
1129153802081394689
1430375548157526020
1424813497473540096
1375924842298490882
179968422
918298213425311744
715723057155846145
1136629742159794176
1439684996839743489
1103674960210325504
948140023483904000
1435165100055400450
1374746209613721601
967824273237790720
1400740236632768514
3059048613
498107802
1227648423152758786
85760696
188123596
936300854889545728
1354675872805113857
1245673382382907396
1434560049918193665
1431001738845229065
1409447097741590532
1381267352898142213
1237721474288451588
1344398292554309633
1410934218
34165947
1376573849383354374
526887793
1391586435162157058
3152962684
1382514585903726593
1439702697825882115
1271188439896031244
1432044057006587913
1092478392
1034675237655392256
4167730000
193485080
1432081608337670144
1022649818764718080
379448605
958025612
1185451106618339328
1372369700127117314
1353076929365045254
1434484953736257536
1396589588626513994
1433981478212407296
1556686302
1420469431961014275
821217795794866177
1361125930593353736
1245767741061070848
1859562973
397174751
1431959238809583616
1438448523264118784
1370033451898834946
1374685773409218566
1151184542
1257685662
390867983
2995819427
2813405952
17917975
41463984
22005835
1438583226080104453
1006665815146614784
1435325869866864640
1385302821633994755
1323014608949489668
1274451012397551617
1382253462264676352
37304419
1155541058295439360
1438954276752175105
1431380634107322372
38518726
130696942
14826925
569528271
1344363878738702341
2890407376
1432882205794131976
27830795
1388984267011764227
1428721142798356488
864219528
1369950181110743041
1303830591146606593
777978541426216961
1424041647466237957
986042717351432196
1227729500173148163
1427248084157747200
269683675
184380386
4583537301
1355472826694856712
1355262480012898307
1389687878054293508
1376257163555872768
816310111
3416007225
17794461
712407666631442432
1422512570603167749
1365517767302995970
23629154
1039606721902260225
1420413581040885769
127647435
1024625212543918080
868933428472758272
946140109
1430986668983521281
1435526401059442692
856642531
18166196
1436024806621814785
1421360880420225024
3223998789
1393998091800301572
4376419167
1353330646706343943
934873749400190979
1044880505815138306
1428636974638800898
1285589928840134660
161499586
29786573
963591950
1083957902157713409
1042863004826648576
967720086520979456
746967716393783296
1373815960277295108
802506857436905472
1340507141069746177
967515491697856513
1050066504455282688
1346612979035480068
972152608675844096
1221514681057071105
1362025616086863876
1436703756641521665
2493751169
1425266237966258178
917753664512634882
24608772
1287096094283968512
353831586
1439653983631536134
26354941
2822540153
38085295
92307925
870297521892974593
1419808050215542784
1436074342731890695
1436765070323699715
1427829519461888002
1362912024188043267
23879955
925609548345249792
1423436424238362624
925876777792270349
1374404726196858881
707543909149245440
1372124846814068738
76711431
1674081516
1256267041247354881
1034452991779254274
1372423257702293506
1355852568027652097
1379938434966429700
1188924529260802048
1365086843809783814
4794434544
752036220570464256
3146873610
242424826
1361755449637433347
4020873613
1372380597616742401
954800685677273088
827212976830693376
1420579999816450048
1244428643184652290
701393211877519362
1439572745667452933
2959749506
4011481708
951188866207240193
1433634380954705924
24748695
715245824318550016
390787667
1375798833590992898
16410419
878296062582300672
901397314660708352
1364158028417744897
1297838646402396162
2520368316
712568116685967360
2501716634
1197445915050729473
1379635541138927617
1350040081671847943
3296432630
1134443604
1429488112628117509
19816652
1431024482047512578
1431127064195829760
153812241
960367299667615745
3320940894
1297917620952342528
907176422074142720
1050350902937354240
94235967
730143312
573666207
1433726965136052232
1452751082
1253720956058689536
1355210551245164544
3633448512
1246235353
1400344073257447425
3530146456
1433751168010838019
2279989982
1437086302256734209
199432917
1365768553757048842
602553880
1430412203321032710
1424995031971155969
951413615571210240
26354463
1433280809910345729
885865199479078913
1323294587239149569
1571621168
273067760
351188269
21847623
1433078987912368136
1433280197239836674
1398495213052694530
1212379512295440385
444951407
1369972923671384066
701145591401713664
1311645831452385280
3017788525
1148871259742199809
1375231990560026625
1107654957619208196
1109393346215202816
796387423659835392
728762585126932480
1388023000906207237
1389025252403990535
1384538703868088323
2612459540
1401662460742889472
2183351593
1301251316921110529
1426873572903907342
29038776
1392776216755724289
1312967009831972865
948769178881798144
1429335896982097923
1427942169369665536
3027510123
1391540290180292615
792370378869997568
893489500344655872
1366363590291304452
1365014624966377472
1432761180511145990
1296132108
1136096834877677568
1329936714035392513
1386069894198964229
1307128825080238081
42910077
310128076
18903074
1406383453788991489
755373275996303360
944266347520970752
394993332
773148910768517120
1317484653737955328
1065419722445996032
1434851186058964994
2233976083
23371489
1433645717998944258
237093954
1135778429968834560
199568780
1431318986881318913
1362430274773131266
23225698
890927965919473664
966579312
2584047494
1391635904087789570
872782169390841856
1416105184019746820
1261929610335281157
918965967794909185
1424728079285592066
1318957299944296448
199497757
1391331236082196480
1206690814052753408
968425128534138880
1439583755052720133
1000492008429965312
969939821836857344
1266442483438886912
2733926451
90233704
1434822140092567554
1165980464605257729
69927012
2574885709
1425421279406952455
1180872313421484032
1416999847626874885
5848712
1424318119510749186
1368154755801903104
1337941314982170624
246532544
978612497677766658
1432188192640229376
14563485
1341775237684232193
347742388
474798829
2279048132
1416935826152431624
1430521165894848515
1401198641415553027
985222691996123136
1367051238664253442
2857847688
1395472799209242627
375632133
214496240
399780173
1384098890287173644
1427396743143038986
1343227763701014529
1430363774490341376
1340179412503777280
924699228240302080
24847266
1427298377918816259
1372028635129987075
917259155915677696
316911777
1428805440347979787
1188964345771970560
1040925161577476096
1296568737898860544
1421274809682464775
1145974219928293376
95544002
1432107029116571651
14803749
1355216845364731907
195458186
1371356167998369795
1315946571863855104
1070803041689980933
1298690340845748227
146351931
1423028513389654016
1403329578924494860
1424768086318764042
741401184
36462555
1368340282660519936
461386545
2556175744
1373615728125829120
1307463425803448320
1261147534719774721
1351302687095205890
783219780
284175822
977411705272545280
1437085990531702786
1427779006904954883
1437844296355520512
3438609105
565256444
1204964774259281920
747314942093582337
302170716
1211794026887696384
801899397667700736
2761883261
433171306
1248269356196298753
273816968
337684721
1361519647187636225
953156174366388224
1422070963676409862
713661342
976915090195718144
1385748046244237313
137499249
1286211736723312640
1290414815651852289
1422395107722948608
1435199198803099649
768997902781849601
1351161927754461185
27895855
4923702622
1439520384949358594
1363427920157507585
1287589534285230082
1299023587282546688
1053780296682881026
918541093
1429435065117724673
1426783534807715840
837080583369015296
801496477
1439518705516363778
1360847999341981696
2417788548
380971175
1369035814169047043
1410842125340528642
1360454244696870912
335311773
27568940
1398909626
1391392303198085121
19348702
1381500673905266688
1039524903370809344
1425682323601694721
631738367
990287130302844933
1174331976024608768
1301959725458784259
1430094011511971840
380257076
1358824282999119875
1315952362280939521
1486010197
1426114359688765444
1383096690169704448
4752851537
2266784017
880184045254070272
123522324
44598913
1434710156940431361
235263007
57531208
882842327013896192
258517958
766490454695276544
1434414103087382531
1260255110
827170854
467719135
1331618580761354241
1431702397076729856
1300761661834293248
1351081939915190272
3152400945
1321961454
1513543134
1424535678742843398
1173256707721453568
1439458562216841216
425144926
1853720833
12483602
1426942202509365253
1402079059295686656
1398788873346420737
1334884073362190337
1362779836847063040
954731178925412355
1439465368221855751
1431973625322622979
1429768658650243074
1393041770813009920
1409081196290662401
735997250841812992
1373260235243200515
1055340116
1360472047239897094
1433741109075849246
1180079083247427584
386901634
1367590545154007040
371668476
1346116226800562179
1123785530565693440
1371469384707899395
1331079797611454464
1373068945419247621
1082477520425865216
1237138723
1372436770839748609
48295179
1607922960
1159657800
1323576545936465921
736783456730894336
4091403793
2590573759
342132013
1382358200066842629
3311325192
1239493012981288961
443828186
1257696583094808577
1175282497044844544
1919969425
845734258924834817
17507930
1337325864397152257
1257561849303711744
3155848718
40976022
2992001610
1435509450446557185
989557437035360257
901590439592996864
531101504
1329063105117249541
708942041183428608
198361157
915547056722317313
1395118659517894658
499295537
99008802
151762926
3267708132
1354986196158431235
1326269647046533124
321103348
1278070188244520960
123543935
1029099834924445696
1433867455529504770
1023757755511918592
1436660329635844106
1324563579102584832
1404363784261562370
1022997177130352640
1959434023
15828247
942005776884817920
1408094944842031111
820437089439186944
1357293148637073408
1368646992113598471
1180772237449678849
1424907532234002432
333871785
1129514840903507968
1348259716888031236
121556948
76562618
739539955798671360
735637645703839744
2162846323
2229123992
375177444
1434635053078777858
929857058152656896
1430137028587315207
1165573027733676032
944602193839104000
1365478797374484482
1366979839312420868
938551917185298432
2254945968
1422168361983778818
1430393981473632264
1432055648624300033
1389550722589478914
1424188340983812101
889659927840649216
1376257328584912896
1438067367242653701
1357673648858013697
17390286
1389085477098205184
610086702
1365006674180919297
2602307112
161589007
1425307120577093633
952068778132586497
43147905
173456813
41572324
2367576818
1395411379084042248
1385082624385769475
1377741371977691136
702250003
786987132514553856
1431087515339878405
1101381037953675265
19731177
1385115375973580800
763756609
16273865
150093703
424225995
1383168868173041665
1361014544273797120
23232999
891681412142649344
2957477164
223004779
1374456559581896709
816155666851037184
938846955953893378
2298491658
2324477515
17841473
1431329115420995585
1370791151830175753
1401085594097242115
1363508648476110848
75365537
1405536593226592271
172003901
1415845563384303616
1433553425439117316
56915647
1336178986666369027
376283200
4877765843
17333183
802331863
1423761148730609664
1362440646779432960
222366250
1427596549832515585
297797260
2400594931
2413222021
469848172
325027807
985981566
107313143
1339927570511319041
1403560194894811146
4457679193
1341971228286808064
1649600346
1429691448580968449
1389313321816317953
804794546336866306
432845063
1436161174832234514
1428762601161433094
810457595966291968
1414017024787947520
1438999039492558848
1325221013257379842
1432678869308424192
939561901629038592
27478688
1049104004
835347537238315009
1138502665179213825
887524826256031744
2566345258
3099517853
924566571489443842
4008109397
1370317182702219264
4830589594
1205010761300533248
1134842618
320482690
4229310740
1423963413894598656
278139521
250402408
1363522878839410698
1385709344998580227
807202382669082624
17905865
1429623756801155072
142855555
1233843079439884289
1285130181808517120
1362394430829961219
2384987798
63566629
1247806375
1369381445194686464
1406763037365739522
157206776
2509078605
1433794055528452103
2793422691
1317025444084940800
1255964789341380609
1428064904095928323
1290783003816259584
763850028947415040
1429386971722305537
945110839626838017
1387043060593217538
1394378674409852932
157174311
2657616223
867878816034803714
1395647785333137410
1273334094315679744
629694682
19279286
2150102490
1439299747274059778
16273846
2242699645
907770676924370944
52418928
1422899655646486536
501252993
1298604035327614976
1318697471464427523
278234208
811660877921296384
580401894
825907570787315715
1433865996167569409
3272234371
1283409349793198082
1428489449416056833
928401788205547520
1051663694
1343351784480395268
431085675
1355508289468063745
1430041649640574977
942341907560022016
2444339174
897676052297768960
311655516
36262921
1438950095345623050
1377404895104536578
1367761406456516610
426543318
25138323
4923949477
932693152200384512
1303690845217005568
1426557290799325186
388007952
1255098094871408641
1353895115232665601
1379086552639418368
763079621730381824
1437705173955133440
1427749668893642761
977687250527023104
543764477
1433326728244518912
1129119505576275973
752338893714755584
1431389671313924098
801913230
948410771079249920
1356351529083695113
94150200
1124135481476820992
2593320301
944100578
1424368136887824387
1393313093892050946
1368770286879989760
925472355526176768
1691788873
624352180
1429948239030231042
4532449516
447490226
1183831603845439488
1393954256177090560
821013542795091968
1410939082327220224
366958341
1303237933407834112
1438630982999949312
861375968186970113
1355454765573033984
839792315275292672
1402294196342427648
1348425648239304704
1438171251059486721
1304701584501280769
1679011676
1361015271121506308
472654093
1427654698438467596
1413489132328865794
3012896831
1146073333013864448
887439942980390912
1338946650488844289
893551337639526401
1432340150244290571
895853096366219264
1437745022452043783
1298259383311192064
23762820
77386462
56880685
1433256596067348481
1354720910343884800
622477309
347560362
1412494281839808514
1241467191616327681
17883546
126547301
1172931381229445123
21053682
137332608
364291660
1070405094338891783
30337895
1329273467313811456
140297913
1285239696017285121
2163012571
41854987
1432649845907595264
943196534706974720
1043921431090868230
1334682763451133953
3191458298
1344091147552124929
1412813856678817800
2768568036
112330856
20560589
1334321740747427840
1392562927736172545
1382019581787668488
1321963413157912576
1419397140695158784
46935545
1316699268992905217
13985462
1376211278176337923
1431671098555334656
1420004458940047363
1435402175832854540
1435685019314388992
910780416147312640
1423713911396872205
1355605663951581184
490963965
1380601319430488065
1345989286580031488
1376633061476024323
1289820193745756166
1438109117118234626
243036271
3050586522
3122218762
29719704
97215445
1426060242018873345
1403167220528607234
1307239231971110915
489224257
1397243070056255488
2809807194
1120771719931756544
1222782996035575809
1329553482374897667
1359171454986833920
93396372
1310718030201188354
1362152786771632130
471900162
162038636
17045603
1435294503871684615
964501422707376128
15132589
41403157
1295813494189760512
1192516705697714177
49741099
1342567744995274752
1386237712483688450
14427985
1434932689602334725
1362040248461500418
412083515
1412088684220911617
1253821177434214400
1438968356099477516
112870287
892802128149872640
1433254765048250376
901631954759499776
1314462556707225601
199580893
1434837890916397056
1183472244476919808
1380156302060576771
866225238727507969
1888825117
1415934425251024903
67431229
1408325587530256385
15360409
1435390930853400576
1116300589422526465
919014731293245441
3126748430
1439133405682315265
1404950890130378756
1257535200847855617
3250398439
1094555725991473152
1437832617089376256
1388397260418035713
1375592856707067905
1429396646299901954
1008821099042201601
44443551
364823105
1044211910386823168
1425180532166569984
1177977757487243264
1425320274304684038
1432226022963908611
1431641994372263939
1388376239648423937
1430141556942536704
1436623799139520513
493971973
1432217550734114816
1336776430613536769
863763110
1383823789306236935
946926054
1336609140018311169
365834668
945043967195926528
1434185389049212928
797271477108228096
18574077
1408049260948492291
1283614356337332224
1421599152782417932
2884815027
1367596139550236682
2530563416
1430842788195807237
1384438750575579137
94743889
1421975176712007691
1035945861841395712
774744056
1438203383437922307
290741438
390446382
900986808120430592
513086091
705888407046774784
21096728
812198358727147520
38081154
33432262
1377726460266475521
200338666
1409769917327446033
446526911
1439056455366168578
68796947
1188638398686334977
1386852370236248066
399845070
1341439262730956801
795347847365398528
538355185
706677981805047808
2810261082
1420705404691091466
29158952
929167252854845440
1416279469518643201
1277383595091529729
1373102920510533636
1425981228738654222
1211129261806907392
1439017873486356481
23295394
1407150836640256002
1406095273
25147095
206955118
566941527
1395315884579774466
523098595
1343860710225264640
1414646383
1214195468
1342694967563624450
256768852
1410457987399913472
167799265
28136186
84000579
883837656873943040
1386366923089354754
887402964494594049
1257366109382033408
25772065
2758834466
1115814068
1349759215083155463
1330213958419099649
23372659
1269239350144823296
1327470617424252928
371544779
512893343
992525437
2383335631
52182638
710223945425928196
1186329886182346752
982312972545548288
1257408965803155465
1309389228644605952
859482399968808960
1425646659116036099
1427473506212614148
1438904389960351747
1432732916614766592
44054599
1362229704670015492
1427907093001117701
73556938
2195901721
1432383167898394624
1379093259776110595
709525704455487488
1429958239681081364
2691907186
192487205
1327496419872182273
993847815322394624
966466064426049536
891013040212258816
1117722823118684161
1438955652840185859
1164600934267346945
1114027651226726401
1435677276323164160
1394570404484816899
1298074536802312192
936015804147032065
2883579067
608758854
3728390545
1384849057940639744
2803709731
1425153976161476609
2263729910
12027012
1438086181200277508
1434247343864492044
1373348391585869825
1427584950958657544
394784483
545862222
844606140713517067
1435673244711931906
289887940
793748424998940672
249868711
1327109568007172096
1417550924491460618
1413501922535870464
1144301108044582912
947069544417386496
704832374429777921
1436119835872686083
1326318467994316800
867298944
242883860
28707908
2597338988
72204218
970390331496820736
14219136
1430981503882776585
1436015016491184130
729623336167211008
1377050120395575301
1436438409183219735
2952257194
1383842399131029507
716387589981229056
981389548272930818
1229105808668913665
2398252254
1354529559115390976
860064486992031745
1392412475581104131
1364924336436613121
1341826225405308928
768191136909361152
243314666
919525454
334030420
3064137690
1185396679672905730
1407730395127455745
1694435724
1410442295493619712
307565777
1071230003050897409
602250538
1273886793839120384
1247633465660436481
1429806217610731526
570179253
1432165670813323265
1389792544817565699
15812203
1286065698326884352
1249719151
1283618448
1433140977850466312
1404336219727728640
303382899
1374208380600979459
1259676827049529344
1618234082
1433122086273253378
1420424814121164804
26859619
1430658013644398597
61672421
1426663312897363971
1430676126901227524
1363876112602787840
1370881266959147009
292226802
934937204
1197671331426373633
1375949055902109696
211319060
904974618183610368
238039875
1374988753492537346
19851043
144036212
1356367237855076356
1432773628936921091
1437608775758663680
1430439100608303112
254890918
91234449
2153787127
1358621800582680576
1434526617762779136
1366322391324893186
1474784905
1270038228997828622
1247472699791699969
943698615654109184
31957628
2440331544
59974999
26059386
1339714322927378433
1367395289351540736
1387556022621986816
942885470861541376
328632327
1432313441037991945
260339974
52637909
1437273872412278790
1436141561763479557
1430444365109940224
1260494991719309312
1373633132327473163
1430465043632586756
399425095
2383902026
9268162
1385346984979075075
2472730513
1429007501823860737
579016337
22824820
1422052956174684166
244078481
874457240148856832
1262924096477806593
29158816
1422996679
2935342707
1430590517503475721
1377649386524712964
1429643242480492549
538583368
879421720653910016
301216763
883324082279727107
3306503297
1429723255611396099
263030542
2325985548
1364264472
1414098973233582080
2745168286
1381683331448774657
931282346837532673
1391011852029550597
1375965762930769921
1372640832138964993
1082638184150790144
1235905333190635520
38107099
82651671
1405204074799173639
4819588359
1395695293686030338
2286116041
1386391997368385537
1389066059001466891
1430486041719283713
1239648645537869831
2970558232
157820699
1357343207609094160
1255165052354691073
1425714100265422848
2715896473
701615142
1417087204355104771
1368023704676884481
1429830046278033414
4804604456
2996087759
1435624955434225667
1351717369190653952
1355200186402959364
1422345787179114514
586888550
911213649313837056
1431064841515675653
1391312737347702785
1235070786764861441
3929094281
3230048102
3254682419
1400736817880698880
1001602555800145920
1361139988809670659
561172679
1300968210192244736
952055416812269568
1425011250698805272
1410081798101475331
2881885324
1434065734125162498
1217029202152542208
2361089827
1511918839
1382338123015856132
931591188850847749
401430743
2193980621
355731441
1390313790
1428012031081213954
1367326100817285124
1375019859365359617
1235853450795048963
1395943148975579145
17387843
946568773313617920
304306214
1146492710582308864
274459331
491709951
15270466
3378660634
1318818648379789312
959404870548762624
1435594145918300160
1413786562580582403
933706601319616512
1242408560002084864
4603479287
1428035708019609604
1359171026970632198
841356350793879554
1115333596049477632
420209004
1426849159324348422
1418829353379667968
329074329
1376154011775217668
1037769801526063104
1419957903792898048
1407833222008946693
1361241433592619009
1366438546811146242
24700784
315715033
2953370921
1023283489
18325382
1342985384108560384
1474700766
14592857
1372981063492976642
51656679
1372251669791051781
1255550866557251584
1399395678250434570
1314947142172237825
202614850
800201134086365185
1287884683628261377
941409837807816706
1371276051872165889
1381742740501901320
952024348092542976
49329529
14068197
1139339493939408896
260004063
787863428173934592
1374867872657285121
1432036447251570688
22388558
857440910
198609521
1947935582
1420617442414501889
1407540553340788738
74096690
827309137826500609
1420015656716677127
19617525
1419583217221312516
1426688397452578817
1414745225390665730
1201371879698812928
333479366
1429110852334985222
1385679229367558147
1401796788496044032
18816223
1301901298648973313
361412137
403042395
806127491396042752
280410830
30135328
230524140
746012287299817473
17569049
159460502
54795739
83755190
322417779
1395411809612541961
1032286769847271426
1323747353308835840
1437801690950942720
4473215532
969946670913019904
16583988
1371138760428118018
338754078
256659644
1353126533146112000
1336529820948131842
2890343039
622108240
1390194499650048002
1437093952520220673
925220914026840064
1341222791706681344
1361732906742292481
1378576664058281985
14735883
240733692
1428684815201669121
1369399841718173705
59937063
1272195241408266240
330703818
963032218284081152
1316395406088179714
570568405
716281198650241024
1356118051230507010
4766840784
1285439701936214018
1229112772748881921
2723417258
204108367
22384873
1421222413270851584
2150247837
1061659584
1401671609749065729
1192129399409270785
1352490555092029442
935395632684130304
1343003487290806272
1354915591048540163
2646918822
25730278
1438365679426555906
1296366613529272320
1343414315756486657
34182274
460054576
3623915954
573926129
859011517
709513029394636800
878765502620852224
7285202
1356114439880077312
1427845103188541447
962798091329069057
1225244705585291264
1262745237107077130
1152868974255677440
223311145
409951989
250769335
1361564700861898753
166973960
1277425987131772930
37807459
207599598
1112754367113777152
2387086952
1415979886620020737
1423103609911201792
1435426018353897476
1393263233868390403
1423457713741205508
1050464892334080001
966312582
34771706
17696289
786738308005191680
728961827015696384
1184294344984952833
1371288745744424961
1410209215118024711
1437913502589591559
1433680704362229769
1368537435089432578
1402773687686680579
2907452898
471592779
1434328243427897347
1389654776472907782
1161421600119382016
1438265932372066308
1205290221165658117
827170868514086917
804718702650392576
91029573
24135700
1422693364659490823
1429910105470951432
1263191122760937472
701352223507410946
1425510134952960005
111188306
76985808
1433849633827172354
25434329
873605619491778566
1187959422447947776
1351197284617359360
1256012434717859840
18071344
1149847904
1247300641233481730
1147986619548311552
34183639
1331607696831782912
2414979068
1242935672350146566
1400117154016645120
1233995673147596806
138976979
364657657
1419445794676084738
1384681022650994689
1385487693254053891
3322175381
30418897
489709396
1345128443931987969
13025372
1352147789329833985
2952578860
28171421
4922522307
2296800386
2918858193
2495508314
1102464366
1410762739065278465
2227203268
1378058133541621781
1414966290477948930
1340104497792741377
1355263085980823555
33957323
3421035484
1428465802563493890
1356995599350943744
3744597198
2479934942
995505258628464641
276691302
63835281
895039944787415040
1432551195718000644
2508940623
188948767
218205254
14632613
1418247070289440769
1311379031061864448
1427863034828050434
870321828924968960
508847678
1352880413518127104
1175551663890948096
63396077
1365890679532974086
1379173157479837703
229315279
259941140
1277469297380519939
1392605936229945349
39914312
1406153984948293633
1425285673154662400
2813483520
459762143
915354882688868352
99188594
236975609
1134148895313977344
2315894376
1269799098
956928223
1126121
1432422934979637249
1435711318070231041
29117768
1435444020386275329
870714937932492801
282214074
2335782702
1390065322862858243
1303694668438409218
945014956088537088
1427353060926443530
3905982336
1379240803441197059
379758974
290828236
80139927
983521823596924928
931077631
895445236637474818
1384527675675582465
14130204
750766967959748608
1426048471182753792
1395787051140714502
1295478690789371904
2457499417
899374294723067905
1384353123930619904
1430614238356250627
792831226956484608
945431658223882240
929803923262722049
948617035671511040
1437883219769053184
1281372414
1431022501350371331
887156762
21034509
1217643077357178882
173482473
853636036651618304
29641159
116063760
1381347542055727107
1121905031110959105
1386441886257360896
4184988146
607300402
1379395169452179458
1276105210243493890
573623221
4847090236
499881652
2194939546
857337679746187264
1434951608459087873
985144971182428160
1388151917038260224
2422767604
4859186080
4017300622
956132840164462594
1431255796386385925
1309639577846521856
871951135648747520
1033062533035421698
1369136338646298624
40515106
1104827709723619328
1349397867396534272
2714351254
1414085347751829507
874966304
1402956287227437063
1412408022052319240
778214244206731264
1240305853456146432
14588959
1411500239119388672
583406875
972796697175908353
635294422
546214803
1434103969882669058
1229446853671784448
902734419957391361
1358154441229299713
20468538
307564159
16955676
751944892612358144
78618994
48737424
544661857
943740940702724097
1214896791302418434
1424864563376254987
34512992
2281620576
2415462667
1384355799590338565
227028848
1294938626518847491
1374976234132660227
2718565703
141719661
1404886660068757507
1366529167387484166
156440182
1375710669396320263
764666290053099520
43634078
1379248999312539649
54121582
15046703
1354968386854289409
1024340728401539073
480937086
4575520703
22069271
1399821012829679618
1350277347535106049
973989836674740229
21910678
121186089
902218043522256896
1139508243456282624
278619099
1229605962127945730
1415443753570082817
1431000588309995526
18862696
14397792
558998930
1078460595769270272
41236289
1155246109322821632
1305694275334737920
1418342796944105474
2739165245
1425997796524511235
1292800919126585352
1012086818
1294428094674153472
952974169204965376
1206429661095432193
1127233444877152256
1345208212132343809
25438941
1403101232001060868
931515548474671104
2830082120
1258117606814502912
1424382710148182019
1004160590024192000
944288872627875840
881740624961064961
1284674656696295424
1387110843205160962
361221729
1386920717497815043
1389601852786978822
1397586843999248384
1436811579664834563
1242488534700830720
1437092495045824514
1432600499178532868
1430579536077332481
1436466116600242229
1419361126308061187
1275695490278076416
1416755714555527173
1386996442343034881
2187491744
43234641
1037106686320947202
1436517023132094473
1245033817456414722
1305607497084854272
968381094008709128
1400014940283486212
707018228472672257
933429107748163584
736330268433252353
1435725879796240387
1385648762882707458
1375967212184428553
1383858380209483790
2301202752
1278696100719976448
1428255804285616132
1425817296455434253
482158094
1422030929057378305
1436150407944941568
1299221843883171840
1362355847515488256
1286011450377547780
