826893222991511552
14400317
1201717945874862080
1365372609903419395
280463219
964690379378495488
1469446775324958728
1448660090278408202
1477233968579682305
1973953938
21034564
15809138
1482381801708560387
1403041577845641216
1478970178931097601
1228815654830125060
1337507356549279746
1496979241207885831
1439068275040653313
1436009490134945794
31396099
351707101
6508432
940709518144614400
1498078294406668295
32853525
16909060
1504445859173474306
1501941723584335873
44196397
154803074
1359886573064626179
1372860578369314819
415718721
3228156152
1362313188134449153
1222139996951457794
1489650224306040834
1499203639033745409
15294170
138132205
1443200444017283072
1395553778187718657
3369243892
1256294012358660097
154803074
1503477262372507659
241493729
1274389342006456321
1515628810892238851
808145784302608384
38810696
1041386559281475584
385328034
3327751621
1474158182624858117
357317524
832216483333808128
1370334943541346306
1381458783734394882
3314157681
2649599035
1474749306443870215
80722677
1451976600589946893
892300808154370048
1325224097563881473
893875627916378112
2587455564
946213559213555712
1465262271689633796
1293237781628702726
14308443
14455492
1233275818983424000
980558664712015873
1256255799342641152
1710592106
347303318
936048782206058496
1455623738976833540
952921795316912133
1371265373836808202
1346599984528023554
343181357
1468860643600175106
1438161426837692416
1490728894655303682
1478187602465665024
1366934666201202689
1506429522610114566
1204964782899486721
993831364095983616
2587455564
155358590
893875627916378112
1457855662915035139
1323747353308835840
1404677552254320647
1487709104789688322
1468483503327440900
1339460649584185344
1468634455900246019
1353339843623829505
404047088
895925244
1208349721670115328
1512634379465805824
843686211264823298
1484080057677008896
1476921892648931332
1453842046154850309
1462508787076460548
16380439
1432817221831700498
826699259441328128
812487102076219393
14379660
1423031747432783872
178269854
2555176531
1377713365431296001
1459949663264595974
625320955
1489018530511175681
1436009490134945794
1391792199721840644
1447658022877212677
344502560
1361010253693784065
1452711913100615683
1382871270820298756
1438697069011603456
1364111176221687810
231615780
1416589411626663936
572168634
1319638743364620292
1249193324461916161
1323747353308835840
866905964997296128
1382714448842878979
116577830
1471531701859983367
3280078892
1381349428003532808
16168217
37456482
834123445856145408
1494856957471113219
