1425966540843896832
1424905944857722887
1429132199240994818
1423798604704198658
1433121559057559555
1423276912919654403
1428425439496876034
731402158512476161
1427381543266226185
1433194252457160706
1430247760545128448
754272146
290865897
955208837484679169
19570592
268531121
15858300
30301012
15526823
862765810321944576
815095494506467328
1447706954969796612
1424669181723615236
1117090104491819008
1448443739479805954
1447937334708670464
1448304212350210053
1447600870124924934
1034090962807545856
1425814022373269509
1440443283126120464
919922644434157569
1447471985269817344
1438213030911877120
1444041851711803395
1447720835167440901
1435185682616553474
295832394
781732696041086977
1448391440216862720
911424275927592960
1412150666722566144
1402225576992256006
1434602615543779330
63345833
1446257490878926852
1425494075550191616
1442001971846680577
1433993377440280577
1433046097996435459
1444582896161931267
1433299787294543874
1435911535281410050
1408806420233916416
46957344
1435959972991492099
1439621002758017030
1437994763253387266
1241178326623895552
1428698454721798148
1431698219029995523
1431324558494109696
1437981489271017481
1117931702
1445062767044530184
1432834244083060738
1435383784027791375
14056454
1432813549256986632
1216011416085368833
29122711
1444794340996440077
1403452746200666113
1398375129411833856
1300426605517565953
32536851
1442214499054809092
1444690137074577408
1441158616023662592
1444845810810716161
956226369951744000
1373799758859411456
1434869385387196418
11969
42920448
1864329542
856016329
3221062905
1437150951328993281
1434221261840867334
1434997456899543050
17919093
1439820159699591170
1430662738104180739
1429242526184116225
1311182482620833792
3198427140
96846955
1439644208424386561
18868607
409642632
777889321441386496
1388558950472298500
1384177098307170309
1424905944857722887
1435055300474724354
1423560915203629058
1429255551096000513
1443617240683884544
2156102767
1159589852205191173
1300637979854229504
1429233405942714373
1443047945314635776
1430247760545128448
174533632
2342334844
1425154196224024585
1427188419835441155
1438395868898598913
3071540673
1382445280939892742
1364653461208498181
1362905766387011585
1345490372454191105
1342303349413130240
1422314601887186944
385562752
1180705992666779648
1441410292538281987
1419996329422557201
126218429
1212434136
1435685327084032001
1427116413521563652
36228996
1377831092883968002
1394234547105980417
1405591939899068423
45904217
1436022936360701953
16422398
24631692
1433624820911120388
1438321571685351426
3108854350
1375234369636331522
16502690
1261841800341458944
1358621198754717698
1407477628265771009
1432921804381818880
1443837324480040966
1442224312040128516
1428425439496876034
16206535
1357133789474996225
1432320941200076806
1423798604704198658
1355293004119109633
1416795659525492737
1154808173674389505
1434602615543779330
1443278516758499330
1432197597238751233
1436326024778747905
1442177970328649729
1434329357447622660
1434176273732055045
1434220049892577280
1424683827969015808
1434227176967053317
1401251416509911041
706015976194703360
321214314
3345937683
1436899579493031938
1432649845907595264
1433856550511259650
1434759073652690947
1430247760545128448
473285651
1432197597238751233
1444011503275810822
574032254
1429893285275848768
1434114887928614914
1435959972991492099
1381084704
1433179367836848129
315991624
1372741765493522434
1218201754153750533
1376959592320573440
1433981375216975872
1440388445570932747
1433877043884744704
1430710017167040514
1359826971694407686
1376351643592105985
544601828
1442100000587083784
1360758151583178754
1443228115539578882
398148139
43272116
1235081575261450240
1295145397212442624
1185593191447158785
1383802590526197765
905382855781568512
728844134216179712
953960950423478272
18625028
1442907977065766912
1412970838098423809
1176784729787420672
949431399097843712
1389254178938052610
1444472415107616777
24420331
1661136128
1431584075404484611
1435874667252883457
1296802262
270112490
1362443063432531968
1240280727331225603
223293444
952921795316912133
66466835
2329426282
939041600524771328
2312333412
956670268596015105
1359845493447213058
35369096
2844400678
874969926
1319275429795016706
1350578020860502016
1344314253319278595
2290733636
16482279
1345471741842366467
1379687489946976258
1233078365076238336
1444845810810716161
1380999320216993796
16206535
751152937800531968
1412193086
4250681572
1265411923
319228636
2515847059
1149547503001358336
967483142679531520
1172590740289011712
2828580454
1445862205677715460
1358160491730894853
940533660889075718
1440934562738081797
57267042
1286783061573738496
1383794890597756937
1426552168954408960
1431801378821722113
1376959592320573440
2439046681
1322048665385635840
1431686519341920257
1430065252931043328
1431152696782901252
764038559019913216
1425982820506214409
1434759073652690947
1353638197964775425
1439866504774750211
1371413314958409732
1358817846042722308
1412168764284706822
1445925381656227843
1445460384748474372
1436277715917750277
1260559704335568896
1127560584873029633
1373304198448709632
1444695318759677952
1440219326556950533
1393320236904902656
1440475372177428482
1332792291640152067
1440607303212797955
44844705
1409896762840653824
1172866088222244866
1438286454602485765
1396245237522079746
1029777582923935745
271747612
2941246367
900794431590338562
947969902677254144
903247512114311170
1202523968344920064
1353529215497469952
1278029682403917828
1403894219316547586
1408898690417319942
56471907
4474161
2298502722
47716918
1432509624951902208
962822113
848628608738488321
1380976862248136704
1427926218603524098
1427684455318179843
1435822899949019142
1367025068946161666
3221062905
1390079153848913925
218405323
1355584050958888965
513039720
1433458331511836675
1437600230459858946
1293019288647995394
1440037408313991170
1432537437280956417
1445409847277670415
332583858
1373240119189241857
866933497126162432
945122066
1426639717156548608
745699239334936576
1437790012892930050
1432921804381818880
1431326658405961728
208254620
1367627389103181824
1432670066621943810
573790583
1436899579493031938
3331264817
1446992756266651648
745105702750846976
1391659801139052544
1350996311777161219
333332613
1442907977065766912
1443047945314635776
1445146583268532231
1403649137325838338
816519129813266432
1438811932224462848
1371165914629087235
986900699366604800
917525568081612800
171325932
19398709
1447688742555176960
49119140
1366205908930285568
1387924807480664067
463833650
1430319957057937414
1233171399872638976
934530810962616320
1437432011258572805
1345743469600411648
1308289909669670912
1384353583299137536
1112331920
1367965781917659141
6603142
473285651
1355846977137881090
14839507
720848934663376896
1438884412704309251
1386728637093777411
1425355729809014784
274108160
778321744431939584
1161127068752478208
109639224
14617117
2479224200
14117767
1424039499919724551
902222140073762822
1374934393140117506
1198406491
961637747512389632
1336402016487223298
191682356
1437611904382296066
1425492080630063109
528584509
1422540310001897477
1446489618208067586
1915107799
3305325070
1431764394464223237
141007481
1438769268846305282
319101222
987882950623510528
1359859875497582594
953893947822280704
1184294344984952833
1308508074114600960
1437319224389742594
1433179367836848129
1432197597238751233
1442490074357125127
1355584050958888965
1423798604704198658
1425966540843896832
1432451988655165452
1439571981964349442
3198266466
1443985050262020127
1418067027504238605
1413613953134043140
1447634219543506947
1434597415311511552
92670272
1445882911857729541
1433225505235357699
1442083857709236233
1282540214066409472
1438094797592530948
1437496866640470017
1431776598726889475
456703966
1441823846407966724
1298627688219832320
1440721739818754052
21295507
1203556256147005441
1323866495668023296
1439196692071526400
3327878802
806074210342711296
2462067120
1074450214780571654
1405279614897950723
55914327
1427150561690804226
1444518769183887364
1432813549256986632
1294341396833488896
1316286284214808576
1362153163445313537
54577897
190703097
1447949716315123717
1431118991750090754
1376614786532802560
1384429068892835845
1435698982290870272
1448240881568526337
1427058815451553795
1436295537381167110
1443958883429519382
1447634219543506947
920623936370565120
1437790012892930050
1428252215584559111
1446220047928606729
1442858245459218438
1439185697492045826
1443384195577876483
1443588258768687116
1445736159095709696
1433121559057559555
21295507
446759035
1377810181833289731
1426633464560988165
1978953986
1430662738104180739
1308477581302231040
1434221261840867334
2545086098
22416296
1265645048877760512
1433865239653752863
1056015925667942400
2215937899
1259319706189803528
1384670452581343242
2728570895
1430795971177369604
1430417751080718342
226718605
833652128
1448161709668065280
101780732
1363706129268711428
1432834244083060738
1440095115742224389
815200073722138624
1419031952720637954
1444521357937623044
954367150398976001
1125780499677552641
1443460251790061568
1440494205743230977
1403698101060313090
1376614786532802560
1435119510311276544
1362207725179002880
1434419750843543557
109547024
1443561388992045061
